-2.520000000000000104e-03 0.000000000000000000e+00
-2.518000000000000273e-03 -4.000000000000000083e-02
-2.516000000000000441e-03 0.000000000000000000e+00
-2.514000000000000609e-03 0.000000000000000000e+00
-2.512000000000000777e-03 0.000000000000000000e+00
-2.510000000000000946e-03 0.000000000000000000e+00
-2.508000000000001114e-03 0.000000000000000000e+00
-2.506000000000001282e-03 0.000000000000000000e+00
-2.504000000000001450e-03 0.000000000000000000e+00
-2.502000000000001619e-03 0.000000000000000000e+00
-2.500000000000001787e-03 -4.000000000000000083e-02
-2.498000000000001955e-03 0.000000000000000000e+00
-2.496000000000002123e-03 0.000000000000000000e+00
-2.494000000000002291e-03 0.000000000000000000e+00
-2.492000000000002460e-03 0.000000000000000000e+00
-2.490000000000002628e-03 0.000000000000000000e+00
-2.488000000000002796e-03 0.000000000000000000e+00
-2.486000000000002964e-03 0.000000000000000000e+00
-2.484000000000003133e-03 0.000000000000000000e+00
-2.482000000000003301e-03 0.000000000000000000e+00
-2.480000000000003469e-03 0.000000000000000000e+00
-2.478000000000003637e-03 0.000000000000000000e+00
-2.476000000000003805e-03 0.000000000000000000e+00
-2.474000000000003974e-03 0.000000000000000000e+00
-2.472000000000004142e-03 0.000000000000000000e+00
-2.470000000000004310e-03 0.000000000000000000e+00
-2.468000000000004478e-03 0.000000000000000000e+00
-2.466000000000004647e-03 0.000000000000000000e+00
-2.464000000000004815e-03 0.000000000000000000e+00
-2.462000000000004983e-03 0.000000000000000000e+00
-2.460000000000005151e-03 0.000000000000000000e+00
-2.458000000000005320e-03 0.000000000000000000e+00
-2.456000000000005488e-03 0.000000000000000000e+00
-2.454000000000005656e-03 0.000000000000000000e+00
-2.452000000000005824e-03 0.000000000000000000e+00
-2.450000000000005992e-03 0.000000000000000000e+00
-2.448000000000006161e-03 0.000000000000000000e+00
-2.446000000000006329e-03 0.000000000000000000e+00
-2.444000000000006497e-03 0.000000000000000000e+00
-2.442000000000006665e-03 0.000000000000000000e+00
-2.440000000000006834e-03 0.000000000000000000e+00
-2.438000000000007002e-03 0.000000000000000000e+00
-2.436000000000007170e-03 0.000000000000000000e+00
-2.434000000000007338e-03 0.000000000000000000e+00
-2.432000000000007506e-03 0.000000000000000000e+00
-2.430000000000007675e-03 0.000000000000000000e+00
-2.428000000000007843e-03 0.000000000000000000e+00
-2.426000000000008011e-03 0.000000000000000000e+00
-2.424000000000008179e-03 0.000000000000000000e+00
-2.422000000000008348e-03 0.000000000000000000e+00
-2.420000000000008516e-03 0.000000000000000000e+00
-2.418000000000008684e-03 0.000000000000000000e+00
-2.416000000000008852e-03 0.000000000000000000e+00
-2.414000000000009021e-03 0.000000000000000000e+00
-2.412000000000009189e-03 -4.000000000000000083e-02
-2.410000000000009357e-03 0.000000000000000000e+00
-2.408000000000009525e-03 -4.000000000000000083e-02
-2.406000000000009693e-03 0.000000000000000000e+00
-2.404000000000009862e-03 0.000000000000000000e+00
-2.402000000000010030e-03 0.000000000000000000e+00
-2.400000000000010198e-03 0.000000000000000000e+00
-2.398000000000010366e-03 0.000000000000000000e+00
-2.396000000000010535e-03 0.000000000000000000e+00
-2.394000000000010703e-03 0.000000000000000000e+00
-2.392000000000010871e-03 0.000000000000000000e+00
-2.390000000000011039e-03 0.000000000000000000e+00
-2.388000000000011207e-03 0.000000000000000000e+00
-2.386000000000011376e-03 0.000000000000000000e+00
-2.384000000000011544e-03 0.000000000000000000e+00
-2.382000000000011712e-03 0.000000000000000000e+00
-2.380000000000011880e-03 0.000000000000000000e+00
-2.378000000000012049e-03 0.000000000000000000e+00
-2.376000000000012217e-03 0.000000000000000000e+00
-2.374000000000012385e-03 0.000000000000000000e+00
-2.372000000000012553e-03 0.000000000000000000e+00
-2.370000000000012721e-03 0.000000000000000000e+00
-2.368000000000012890e-03 0.000000000000000000e+00
-2.366000000000013058e-03 0.000000000000000000e+00
-2.364000000000013226e-03 0.000000000000000000e+00
-2.362000000000013394e-03 0.000000000000000000e+00
-2.360000000000013563e-03 0.000000000000000000e+00
-2.358000000000013731e-03 0.000000000000000000e+00
-2.356000000000013899e-03 0.000000000000000000e+00
-2.354000000000014067e-03 0.000000000000000000e+00
-2.352000000000014236e-03 0.000000000000000000e+00
-2.350000000000014404e-03 0.000000000000000000e+00
-2.348000000000014572e-03 0.000000000000000000e+00
-2.346000000000014740e-03 0.000000000000000000e+00
-2.344000000000014908e-03 0.000000000000000000e+00
-2.342000000000015077e-03 0.000000000000000000e+00
-2.340000000000015245e-03 0.000000000000000000e+00
-2.338000000000015413e-03 0.000000000000000000e+00
-2.336000000000015581e-03 0.000000000000000000e+00
-2.334000000000015750e-03 0.000000000000000000e+00
-2.332000000000015918e-03 0.000000000000000000e+00
-2.330000000000016086e-03 0.000000000000000000e+00
-2.328000000000016254e-03 0.000000000000000000e+00
-2.326000000000016422e-03 0.000000000000000000e+00
-2.324000000000016591e-03 0.000000000000000000e+00
-2.322000000000016759e-03 0.000000000000000000e+00
-2.320000000000016927e-03 0.000000000000000000e+00
-2.318000000000017095e-03 0.000000000000000000e+00
-2.316000000000017264e-03 0.000000000000000000e+00
-2.314000000000017432e-03 0.000000000000000000e+00
-2.312000000000017600e-03 0.000000000000000000e+00
-2.310000000000017768e-03 0.000000000000000000e+00
-2.308000000000017937e-03 0.000000000000000000e+00
-2.306000000000018105e-03 0.000000000000000000e+00
-2.304000000000018273e-03 0.000000000000000000e+00
-2.302000000000018441e-03 0.000000000000000000e+00
-2.300000000000018609e-03 0.000000000000000000e+00
-2.298000000000018778e-03 0.000000000000000000e+00
-2.296000000000018946e-03 0.000000000000000000e+00
-2.294000000000019114e-03 0.000000000000000000e+00
-2.292000000000019282e-03 0.000000000000000000e+00
-2.290000000000019451e-03 0.000000000000000000e+00
-2.288000000000019619e-03 0.000000000000000000e+00
-2.286000000000019787e-03 0.000000000000000000e+00
-2.284000000000019955e-03 0.000000000000000000e+00
-2.282000000000020123e-03 0.000000000000000000e+00
-2.280000000000020292e-03 0.000000000000000000e+00
-2.278000000000020460e-03 0.000000000000000000e+00
-2.276000000000020628e-03 0.000000000000000000e+00
-2.274000000000020796e-03 0.000000000000000000e+00
-2.272000000000020965e-03 0.000000000000000000e+00
-2.270000000000021133e-03 0.000000000000000000e+00
-2.268000000000021301e-03 0.000000000000000000e+00
-2.266000000000021469e-03 0.000000000000000000e+00
-2.264000000000021637e-03 0.000000000000000000e+00
-2.262000000000021806e-03 0.000000000000000000e+00
-2.260000000000021974e-03 0.000000000000000000e+00
-2.258000000000022142e-03 0.000000000000000000e+00
-2.256000000000022310e-03 0.000000000000000000e+00
-2.254000000000022479e-03 0.000000000000000000e+00
-2.252000000000022647e-03 0.000000000000000000e+00
-2.250000000000022815e-03 0.000000000000000000e+00
-2.248000000000022983e-03 0.000000000000000000e+00
-2.246000000000023152e-03 0.000000000000000000e+00
-2.244000000000023320e-03 0.000000000000000000e+00
-2.242000000000023488e-03 0.000000000000000000e+00
-2.240000000000023656e-03 0.000000000000000000e+00
-2.238000000000023824e-03 0.000000000000000000e+00
-2.236000000000023993e-03 0.000000000000000000e+00
-2.234000000000024161e-03 0.000000000000000000e+00
-2.232000000000024329e-03 0.000000000000000000e+00
-2.230000000000024497e-03 0.000000000000000000e+00
-2.228000000000024666e-03 0.000000000000000000e+00
-2.226000000000024834e-03 0.000000000000000000e+00
-2.224000000000025002e-03 0.000000000000000000e+00
-2.222000000000025170e-03 0.000000000000000000e+00
-2.220000000000025338e-03 0.000000000000000000e+00
-2.218000000000025507e-03 0.000000000000000000e+00
-2.216000000000025675e-03 0.000000000000000000e+00
-2.214000000000025843e-03 0.000000000000000000e+00
-2.212000000000026011e-03 0.000000000000000000e+00
-2.210000000000026180e-03 0.000000000000000000e+00
-2.208000000000026348e-03 0.000000000000000000e+00
-2.206000000000026516e-03 0.000000000000000000e+00
-2.204000000000026684e-03 0.000000000000000000e+00
-2.202000000000026853e-03 0.000000000000000000e+00
-2.200000000000027021e-03 0.000000000000000000e+00
-2.198000000000027189e-03 0.000000000000000000e+00
-2.196000000000027357e-03 0.000000000000000000e+00
-2.194000000000027525e-03 0.000000000000000000e+00
-2.192000000000027694e-03 0.000000000000000000e+00
-2.190000000000027862e-03 0.000000000000000000e+00
-2.188000000000028030e-03 0.000000000000000000e+00
-2.186000000000028198e-03 0.000000000000000000e+00
-2.184000000000028367e-03 0.000000000000000000e+00
-2.182000000000028535e-03 0.000000000000000000e+00
-2.180000000000028703e-03 0.000000000000000000e+00
-2.178000000000028871e-03 0.000000000000000000e+00
-2.176000000000029039e-03 0.000000000000000000e+00
-2.174000000000029208e-03 0.000000000000000000e+00
-2.172000000000029376e-03 -4.000000000000000083e-02
-2.170000000000029544e-03 0.000000000000000000e+00
-2.168000000000029712e-03 0.000000000000000000e+00
-2.166000000000029881e-03 0.000000000000000000e+00
-2.164000000000030049e-03 0.000000000000000000e+00
-2.162000000000030217e-03 0.000000000000000000e+00
-2.160000000000030385e-03 0.000000000000000000e+00
-2.158000000000030554e-03 0.000000000000000000e+00
-2.156000000000030722e-03 0.000000000000000000e+00
-2.154000000000030890e-03 0.000000000000000000e+00
-2.152000000000031058e-03 0.000000000000000000e+00
-2.150000000000031226e-03 0.000000000000000000e+00
-2.148000000000031395e-03 0.000000000000000000e+00
-2.146000000000031563e-03 0.000000000000000000e+00
-2.144000000000031731e-03 0.000000000000000000e+00
-2.142000000000031899e-03 0.000000000000000000e+00
-2.140000000000032068e-03 0.000000000000000000e+00
-2.138000000000032236e-03 0.000000000000000000e+00
-2.136000000000032404e-03 0.000000000000000000e+00
-2.134000000000032572e-03 0.000000000000000000e+00
-2.132000000000032740e-03 0.000000000000000000e+00
-2.130000000000032909e-03 0.000000000000000000e+00
-2.128000000000033077e-03 0.000000000000000000e+00
-2.126000000000033245e-03 0.000000000000000000e+00
-2.124000000000033413e-03 0.000000000000000000e+00
-2.122000000000033582e-03 0.000000000000000000e+00
-2.120000000000033750e-03 0.000000000000000000e+00
-2.118000000000033918e-03 0.000000000000000000e+00
-2.116000000000034086e-03 0.000000000000000000e+00
-2.114000000000034254e-03 0.000000000000000000e+00
-2.112000000000034423e-03 0.000000000000000000e+00
-2.110000000000034591e-03 0.000000000000000000e+00
-2.108000000000034759e-03 0.000000000000000000e+00
-2.106000000000034927e-03 0.000000000000000000e+00
-2.104000000000035096e-03 0.000000000000000000e+00
-2.102000000000035264e-03 0.000000000000000000e+00
-2.100000000000035432e-03 0.000000000000000000e+00
-2.098000000000035600e-03 0.000000000000000000e+00
-2.096000000000035769e-03 0.000000000000000000e+00
-2.094000000000035937e-03 0.000000000000000000e+00
-2.092000000000036105e-03 0.000000000000000000e+00
-2.090000000000036273e-03 0.000000000000000000e+00
-2.088000000000036441e-03 0.000000000000000000e+00
-2.086000000000036610e-03 0.000000000000000000e+00
-2.084000000000036778e-03 0.000000000000000000e+00
-2.082000000000036946e-03 0.000000000000000000e+00
-2.080000000000037114e-03 0.000000000000000000e+00
-2.078000000000037283e-03 0.000000000000000000e+00
-2.076000000000037451e-03 0.000000000000000000e+00
-2.074000000000037619e-03 0.000000000000000000e+00
-2.072000000000037787e-03 0.000000000000000000e+00
-2.070000000000037955e-03 0.000000000000000000e+00
-2.068000000000038124e-03 0.000000000000000000e+00
-2.066000000000038292e-03 0.000000000000000000e+00
-2.064000000000038460e-03 0.000000000000000000e+00
-2.062000000000038628e-03 0.000000000000000000e+00
-2.060000000000038797e-03 0.000000000000000000e+00
-2.058000000000038965e-03 0.000000000000000000e+00
-2.056000000000039133e-03 0.000000000000000000e+00
-2.054000000000039301e-03 0.000000000000000000e+00
-2.052000000000039470e-03 0.000000000000000000e+00
-2.050000000000039638e-03 0.000000000000000000e+00
-2.048000000000039806e-03 0.000000000000000000e+00
-2.046000000000039974e-03 0.000000000000000000e+00
-2.044000000000040142e-03 0.000000000000000000e+00
-2.042000000000040311e-03 0.000000000000000000e+00
-2.040000000000040479e-03 0.000000000000000000e+00
-2.038000000000040647e-03 0.000000000000000000e+00
-2.036000000000040815e-03 0.000000000000000000e+00
-2.034000000000040984e-03 0.000000000000000000e+00
-2.032000000000041152e-03 0.000000000000000000e+00
-2.030000000000041320e-03 0.000000000000000000e+00
-2.028000000000041488e-03 0.000000000000000000e+00
-2.026000000000041656e-03 0.000000000000000000e+00
-2.024000000000041825e-03 0.000000000000000000e+00
-2.022000000000041993e-03 0.000000000000000000e+00
-2.020000000000042161e-03 0.000000000000000000e+00
-2.018000000000042329e-03 0.000000000000000000e+00
-2.016000000000042498e-03 0.000000000000000000e+00
-2.014000000000042666e-03 0.000000000000000000e+00
-2.012000000000042834e-03 0.000000000000000000e+00
-2.010000000000043002e-03 0.000000000000000000e+00
-2.008000000000043170e-03 0.000000000000000000e+00
-2.006000000000043339e-03 0.000000000000000000e+00
-2.004000000000043507e-03 0.000000000000000000e+00
-2.002000000000043675e-03 0.000000000000000000e+00
-2.000000000000043843e-03 0.000000000000000000e+00
-1.998000000000044012e-03 0.000000000000000000e+00
-1.996000000000044180e-03 0.000000000000000000e+00
-1.994000000000044348e-03 0.000000000000000000e+00
-1.992000000000044516e-03 0.000000000000000000e+00
-1.990000000000044685e-03 0.000000000000000000e+00
-1.988000000000044853e-03 0.000000000000000000e+00
-1.986000000000045021e-03 0.000000000000000000e+00
-1.984000000000045189e-03 0.000000000000000000e+00
-1.982000000000045357e-03 0.000000000000000000e+00
-1.980000000000045526e-03 0.000000000000000000e+00
-1.978000000000045694e-03 0.000000000000000000e+00
-1.976000000000045862e-03 0.000000000000000000e+00
-1.974000000000046030e-03 0.000000000000000000e+00
-1.972000000000046199e-03 0.000000000000000000e+00
-1.970000000000046367e-03 0.000000000000000000e+00
-1.968000000000046535e-03 0.000000000000000000e+00
-1.966000000000046703e-03 0.000000000000000000e+00
-1.964000000000046871e-03 0.000000000000000000e+00
-1.962000000000047040e-03 0.000000000000000000e+00
-1.960000000000047208e-03 0.000000000000000000e+00
-1.958000000000047376e-03 0.000000000000000000e+00
-1.956000000000047544e-03 0.000000000000000000e+00
-1.954000000000047713e-03 0.000000000000000000e+00
-1.952000000000047881e-03 0.000000000000000000e+00
-1.950000000000048049e-03 0.000000000000000000e+00
-1.948000000000048217e-03 0.000000000000000000e+00
-1.946000000000048386e-03 0.000000000000000000e+00
-1.944000000000048554e-03 0.000000000000000000e+00
-1.942000000000048722e-03 0.000000000000000000e+00
-1.940000000000048890e-03 0.000000000000000000e+00
-1.938000000000049058e-03 0.000000000000000000e+00
-1.936000000000049227e-03 0.000000000000000000e+00
-1.934000000000049395e-03 0.000000000000000000e+00
-1.932000000000049563e-03 0.000000000000000000e+00
-1.930000000000049731e-03 0.000000000000000000e+00
-1.928000000000049900e-03 0.000000000000000000e+00
-1.926000000000050068e-03 0.000000000000000000e+00
-1.924000000000050236e-03 0.000000000000000000e+00
-1.922000000000050404e-03 0.000000000000000000e+00
-1.920000000000050572e-03 0.000000000000000000e+00
-1.918000000000050741e-03 0.000000000000000000e+00
-1.916000000000050909e-03 0.000000000000000000e+00
-1.914000000000051077e-03 0.000000000000000000e+00
-1.912000000000051245e-03 0.000000000000000000e+00
-1.910000000000051414e-03 0.000000000000000000e+00
-1.908000000000051582e-03 0.000000000000000000e+00
-1.906000000000051750e-03 0.000000000000000000e+00
-1.904000000000051918e-03 0.000000000000000000e+00
-1.902000000000052087e-03 0.000000000000000000e+00
-1.900000000000052255e-03 0.000000000000000000e+00
-1.898000000000052423e-03 0.000000000000000000e+00
-1.896000000000052591e-03 0.000000000000000000e+00
-1.894000000000052759e-03 0.000000000000000000e+00
-1.892000000000052928e-03 0.000000000000000000e+00
-1.890000000000053096e-03 0.000000000000000000e+00
-1.888000000000053264e-03 0.000000000000000000e+00
-1.886000000000053432e-03 0.000000000000000000e+00
-1.884000000000053601e-03 0.000000000000000000e+00
-1.882000000000053769e-03 0.000000000000000000e+00
-1.880000000000053937e-03 0.000000000000000000e+00
-1.878000000000054105e-03 0.000000000000000000e+00
-1.876000000000054273e-03 0.000000000000000000e+00
-1.874000000000054442e-03 0.000000000000000000e+00
-1.872000000000054610e-03 0.000000000000000000e+00
-1.870000000000054778e-03 0.000000000000000000e+00
-1.868000000000054946e-03 0.000000000000000000e+00
-1.866000000000055115e-03 0.000000000000000000e+00
-1.864000000000055283e-03 0.000000000000000000e+00
-1.862000000000055451e-03 0.000000000000000000e+00
-1.860000000000055619e-03 0.000000000000000000e+00
-1.858000000000055787e-03 0.000000000000000000e+00
-1.856000000000055956e-03 0.000000000000000000e+00
-1.854000000000056124e-03 0.000000000000000000e+00
-1.852000000000056292e-03 0.000000000000000000e+00
-1.850000000000056460e-03 0.000000000000000000e+00
-1.848000000000056629e-03 0.000000000000000000e+00
-1.846000000000056797e-03 0.000000000000000000e+00
-1.844000000000056965e-03 0.000000000000000000e+00
-1.842000000000057133e-03 0.000000000000000000e+00
-1.840000000000057302e-03 0.000000000000000000e+00
-1.838000000000057470e-03 0.000000000000000000e+00
-1.836000000000057638e-03 0.000000000000000000e+00
-1.834000000000057806e-03 0.000000000000000000e+00
-1.832000000000057974e-03 0.000000000000000000e+00
-1.830000000000058143e-03 0.000000000000000000e+00
-1.828000000000058311e-03 0.000000000000000000e+00
-1.826000000000058479e-03 0.000000000000000000e+00
-1.824000000000058647e-03 0.000000000000000000e+00
-1.822000000000058816e-03 0.000000000000000000e+00
-1.820000000000058984e-03 0.000000000000000000e+00
-1.818000000000059152e-03 0.000000000000000000e+00
-1.816000000000059320e-03 0.000000000000000000e+00
-1.814000000000059488e-03 0.000000000000000000e+00
-1.812000000000059657e-03 0.000000000000000000e+00
-1.810000000000059825e-03 0.000000000000000000e+00
-1.808000000000059993e-03 0.000000000000000000e+00
-1.806000000000060161e-03 0.000000000000000000e+00
-1.804000000000060330e-03 0.000000000000000000e+00
-1.802000000000060498e-03 0.000000000000000000e+00
-1.800000000000060666e-03 0.000000000000000000e+00
-1.798000000000060834e-03 0.000000000000000000e+00
-1.796000000000061003e-03 0.000000000000000000e+00
-1.794000000000061171e-03 0.000000000000000000e+00
-1.792000000000061339e-03 0.000000000000000000e+00
-1.790000000000061507e-03 0.000000000000000000e+00
-1.788000000000061675e-03 0.000000000000000000e+00
-1.786000000000061844e-03 0.000000000000000000e+00
-1.784000000000062012e-03 0.000000000000000000e+00
-1.782000000000062180e-03 0.000000000000000000e+00
-1.780000000000062348e-03 0.000000000000000000e+00
-1.778000000000062517e-03 0.000000000000000000e+00
-1.776000000000062685e-03 0.000000000000000000e+00
-1.774000000000062853e-03 0.000000000000000000e+00
-1.772000000000063021e-03 0.000000000000000000e+00
-1.770000000000063189e-03 0.000000000000000000e+00
-1.768000000000063358e-03 0.000000000000000000e+00
-1.766000000000063526e-03 0.000000000000000000e+00
-1.764000000000063694e-03 0.000000000000000000e+00
-1.762000000000063862e-03 0.000000000000000000e+00
-1.760000000000064031e-03 0.000000000000000000e+00
-1.758000000000064199e-03 0.000000000000000000e+00
-1.756000000000064367e-03 0.000000000000000000e+00
-1.754000000000064535e-03 0.000000000000000000e+00
-1.752000000000064703e-03 0.000000000000000000e+00
-1.750000000000064872e-03 0.000000000000000000e+00
-1.748000000000065040e-03 0.000000000000000000e+00
-1.746000000000065208e-03 0.000000000000000000e+00
-1.744000000000065376e-03 0.000000000000000000e+00
-1.742000000000065545e-03 0.000000000000000000e+00
-1.740000000000065713e-03 0.000000000000000000e+00
-1.738000000000065881e-03 0.000000000000000000e+00
-1.736000000000066049e-03 0.000000000000000000e+00
-1.734000000000066218e-03 0.000000000000000000e+00
-1.732000000000066386e-03 0.000000000000000000e+00
-1.730000000000066554e-03 0.000000000000000000e+00
-1.728000000000066722e-03 0.000000000000000000e+00
-1.726000000000066890e-03 0.000000000000000000e+00
-1.724000000000067059e-03 0.000000000000000000e+00
-1.722000000000067227e-03 0.000000000000000000e+00
-1.720000000000067395e-03 0.000000000000000000e+00
-1.718000000000067563e-03 0.000000000000000000e+00
-1.716000000000067732e-03 0.000000000000000000e+00
-1.714000000000067900e-03 0.000000000000000000e+00
-1.712000000000068068e-03 0.000000000000000000e+00
-1.710000000000068236e-03 0.000000000000000000e+00
-1.708000000000068404e-03 0.000000000000000000e+00
-1.706000000000068573e-03 0.000000000000000000e+00
-1.704000000000068741e-03 0.000000000000000000e+00
-1.702000000000068909e-03 0.000000000000000000e+00
-1.700000000000069077e-03 0.000000000000000000e+00
-1.698000000000069246e-03 0.000000000000000000e+00
-1.696000000000069414e-03 0.000000000000000000e+00
-1.694000000000069582e-03 0.000000000000000000e+00
-1.692000000000069750e-03 0.000000000000000000e+00
-1.690000000000069919e-03 0.000000000000000000e+00
-1.688000000000070087e-03 0.000000000000000000e+00
-1.686000000000070255e-03 0.000000000000000000e+00
-1.684000000000070423e-03 0.000000000000000000e+00
-1.682000000000070591e-03 0.000000000000000000e+00
-1.680000000000070760e-03 0.000000000000000000e+00
-1.678000000000070928e-03 0.000000000000000000e+00
-1.676000000000071096e-03 0.000000000000000000e+00
-1.674000000000071264e-03 0.000000000000000000e+00
-1.672000000000071433e-03 0.000000000000000000e+00
-1.670000000000071601e-03 0.000000000000000000e+00
-1.668000000000071769e-03 0.000000000000000000e+00
-1.666000000000071937e-03 0.000000000000000000e+00
-1.664000000000072105e-03 0.000000000000000000e+00
-1.662000000000072274e-03 0.000000000000000000e+00
-1.660000000000072442e-03 0.000000000000000000e+00
-1.658000000000072610e-03 0.000000000000000000e+00
-1.656000000000072778e-03 0.000000000000000000e+00
-1.654000000000072947e-03 0.000000000000000000e+00
-1.652000000000073115e-03 0.000000000000000000e+00
-1.650000000000073283e-03 0.000000000000000000e+00
-1.648000000000073451e-03 0.000000000000000000e+00
-1.646000000000073619e-03 0.000000000000000000e+00
-1.644000000000073788e-03 0.000000000000000000e+00
-1.642000000000073956e-03 0.000000000000000000e+00
-1.640000000000074124e-03 0.000000000000000000e+00
-1.638000000000074292e-03 0.000000000000000000e+00
-1.636000000000074461e-03 0.000000000000000000e+00
-1.634000000000074629e-03 0.000000000000000000e+00
-1.632000000000074797e-03 0.000000000000000000e+00
-1.630000000000074965e-03 0.000000000000000000e+00
-1.628000000000075134e-03 0.000000000000000000e+00
-1.626000000000075302e-03 0.000000000000000000e+00
-1.624000000000075470e-03 0.000000000000000000e+00
-1.622000000000075638e-03 0.000000000000000000e+00
-1.620000000000075806e-03 0.000000000000000000e+00
-1.618000000000075975e-03 0.000000000000000000e+00
-1.616000000000076143e-03 0.000000000000000000e+00
-1.614000000000076311e-03 0.000000000000000000e+00
-1.612000000000076479e-03 0.000000000000000000e+00
-1.610000000000076648e-03 0.000000000000000000e+00
-1.608000000000076816e-03 0.000000000000000000e+00
-1.606000000000076984e-03 0.000000000000000000e+00
-1.604000000000077152e-03 0.000000000000000000e+00
-1.602000000000077320e-03 0.000000000000000000e+00
-1.600000000000077489e-03 0.000000000000000000e+00
-1.598000000000077657e-03 0.000000000000000000e+00
-1.596000000000077825e-03 0.000000000000000000e+00
-1.594000000000077993e-03 0.000000000000000000e+00
-1.592000000000078162e-03 0.000000000000000000e+00
-1.590000000000078330e-03 0.000000000000000000e+00
-1.588000000000078498e-03 0.000000000000000000e+00
-1.586000000000078666e-03 0.000000000000000000e+00
-1.584000000000078835e-03 0.000000000000000000e+00
-1.582000000000079003e-03 0.000000000000000000e+00
-1.580000000000079171e-03 0.000000000000000000e+00
-1.578000000000079339e-03 0.000000000000000000e+00
-1.576000000000079507e-03 0.000000000000000000e+00
-1.574000000000079676e-03 0.000000000000000000e+00
-1.572000000000079844e-03 0.000000000000000000e+00
-1.570000000000080012e-03 0.000000000000000000e+00
-1.568000000000080180e-03 0.000000000000000000e+00
-1.566000000000080349e-03 0.000000000000000000e+00
-1.564000000000080517e-03 0.000000000000000000e+00
-1.562000000000080685e-03 0.000000000000000000e+00
-1.560000000000080853e-03 0.000000000000000000e+00
-1.558000000000081021e-03 0.000000000000000000e+00
-1.556000000000081190e-03 0.000000000000000000e+00
-1.554000000000081358e-03 0.000000000000000000e+00
-1.552000000000081526e-03 0.000000000000000000e+00
-1.550000000000081694e-03 0.000000000000000000e+00
-1.548000000000081863e-03 0.000000000000000000e+00
-1.546000000000082031e-03 0.000000000000000000e+00
-1.544000000000082199e-03 0.000000000000000000e+00
-1.542000000000082367e-03 0.000000000000000000e+00
-1.540000000000082536e-03 0.000000000000000000e+00
-1.538000000000082704e-03 0.000000000000000000e+00
-1.536000000000082872e-03 0.000000000000000000e+00
-1.534000000000083040e-03 -4.000000000000000083e-02
-1.532000000000083208e-03 0.000000000000000000e+00
-1.530000000000083377e-03 0.000000000000000000e+00
-1.528000000000083545e-03 0.000000000000000000e+00
-1.526000000000083713e-03 0.000000000000000000e+00
-1.524000000000083881e-03 0.000000000000000000e+00
-1.522000000000084050e-03 0.000000000000000000e+00
-1.520000000000084218e-03 0.000000000000000000e+00
-1.518000000000084386e-03 0.000000000000000000e+00
-1.516000000000084554e-03 0.000000000000000000e+00
-1.514000000000084722e-03 0.000000000000000000e+00
-1.512000000000084891e-03 0.000000000000000000e+00
-1.510000000000085059e-03 0.000000000000000000e+00
-1.508000000000085227e-03 0.000000000000000000e+00
-1.506000000000085395e-03 0.000000000000000000e+00
-1.504000000000085564e-03 0.000000000000000000e+00
-1.502000000000085732e-03 0.000000000000000000e+00
-1.500000000000085900e-03 0.000000000000000000e+00
-1.498000000000086068e-03 0.000000000000000000e+00
-1.496000000000086236e-03 0.000000000000000000e+00
-1.494000000000086405e-03 0.000000000000000000e+00
-1.492000000000086573e-03 0.000000000000000000e+00
-1.490000000000086741e-03 0.000000000000000000e+00
-1.488000000000086909e-03 0.000000000000000000e+00
-1.486000000000087078e-03 0.000000000000000000e+00
-1.484000000000087246e-03 0.000000000000000000e+00
-1.482000000000087414e-03 0.000000000000000000e+00
-1.480000000000087582e-03 0.000000000000000000e+00
-1.478000000000087751e-03 0.000000000000000000e+00
-1.476000000000087919e-03 0.000000000000000000e+00
-1.474000000000088087e-03 0.000000000000000000e+00
-1.472000000000088255e-03 0.000000000000000000e+00
-1.470000000000088423e-03 0.000000000000000000e+00
-1.468000000000088592e-03 0.000000000000000000e+00
-1.466000000000088760e-03 0.000000000000000000e+00
-1.464000000000088928e-03 0.000000000000000000e+00
-1.462000000000089096e-03 0.000000000000000000e+00
-1.460000000000089265e-03 0.000000000000000000e+00
-1.458000000000089433e-03 0.000000000000000000e+00
-1.456000000000089601e-03 0.000000000000000000e+00
-1.454000000000089769e-03 0.000000000000000000e+00
-1.452000000000089937e-03 0.000000000000000000e+00
-1.450000000000090106e-03 0.000000000000000000e+00
-1.448000000000090274e-03 0.000000000000000000e+00
-1.446000000000090442e-03 0.000000000000000000e+00
-1.444000000000090610e-03 0.000000000000000000e+00
-1.442000000000090779e-03 0.000000000000000000e+00
-1.440000000000090947e-03 0.000000000000000000e+00
-1.438000000000091115e-03 0.000000000000000000e+00
-1.436000000000091283e-03 0.000000000000000000e+00
-1.434000000000091452e-03 0.000000000000000000e+00
-1.432000000000091620e-03 0.000000000000000000e+00
-1.430000000000091788e-03 0.000000000000000000e+00
-1.428000000000091956e-03 0.000000000000000000e+00
-1.426000000000092124e-03 0.000000000000000000e+00
-1.424000000000092293e-03 0.000000000000000000e+00
-1.422000000000092461e-03 0.000000000000000000e+00
-1.420000000000092629e-03 0.000000000000000000e+00
-1.418000000000092797e-03 0.000000000000000000e+00
-1.416000000000092966e-03 0.000000000000000000e+00
-1.414000000000093134e-03 0.000000000000000000e+00
-1.412000000000093302e-03 0.000000000000000000e+00
-1.410000000000093470e-03 -4.000000000000000083e-02
-1.408000000000093638e-03 0.000000000000000000e+00
-1.406000000000093807e-03 0.000000000000000000e+00
-1.404000000000093975e-03 0.000000000000000000e+00
-1.402000000000094143e-03 0.000000000000000000e+00
-1.400000000000094311e-03 0.000000000000000000e+00
-1.398000000000094480e-03 0.000000000000000000e+00
-1.396000000000094648e-03 0.000000000000000000e+00
-1.394000000000094816e-03 0.000000000000000000e+00
-1.392000000000094984e-03 0.000000000000000000e+00
-1.390000000000095152e-03 0.000000000000000000e+00
-1.388000000000095321e-03 0.000000000000000000e+00
-1.386000000000095489e-03 0.000000000000000000e+00
-1.384000000000095657e-03 0.000000000000000000e+00
-1.382000000000095825e-03 0.000000000000000000e+00
-1.380000000000095994e-03 0.000000000000000000e+00
-1.378000000000096162e-03 0.000000000000000000e+00
-1.376000000000096330e-03 0.000000000000000000e+00
-1.374000000000096498e-03 0.000000000000000000e+00
-1.372000000000096667e-03 0.000000000000000000e+00
-1.370000000000096835e-03 0.000000000000000000e+00
-1.368000000000097003e-03 0.000000000000000000e+00
-1.366000000000097171e-03 0.000000000000000000e+00
-1.364000000000097339e-03 0.000000000000000000e+00
-1.362000000000097508e-03 0.000000000000000000e+00
-1.360000000000097676e-03 0.000000000000000000e+00
-1.358000000000097844e-03 0.000000000000000000e+00
-1.356000000000098012e-03 0.000000000000000000e+00
-1.354000000000098181e-03 0.000000000000000000e+00
-1.352000000000098349e-03 0.000000000000000000e+00
-1.350000000000098517e-03 0.000000000000000000e+00
-1.348000000000098685e-03 0.000000000000000000e+00
-1.346000000000098853e-03 0.000000000000000000e+00
-1.344000000000099022e-03 0.000000000000000000e+00
-1.342000000000099190e-03 0.000000000000000000e+00
-1.340000000000099358e-03 0.000000000000000000e+00
-1.338000000000099526e-03 0.000000000000000000e+00
-1.336000000000099695e-03 0.000000000000000000e+00
-1.334000000000099863e-03 0.000000000000000000e+00
-1.332000000000100031e-03 0.000000000000000000e+00
-1.330000000000100199e-03 0.000000000000000000e+00
-1.328000000000100368e-03 0.000000000000000000e+00
-1.326000000000100536e-03 0.000000000000000000e+00
-1.324000000000100704e-03 0.000000000000000000e+00
-1.322000000000100872e-03 0.000000000000000000e+00
-1.320000000000101040e-03 0.000000000000000000e+00
-1.318000000000101209e-03 0.000000000000000000e+00
-1.316000000000101377e-03 0.000000000000000000e+00
-1.314000000000101545e-03 0.000000000000000000e+00
-1.312000000000101713e-03 -4.000000000000000083e-02
-1.310000000000101882e-03 0.000000000000000000e+00
-1.308000000000102050e-03 0.000000000000000000e+00
-1.306000000000102218e-03 0.000000000000000000e+00
-1.304000000000102386e-03 0.000000000000000000e+00
-1.302000000000102554e-03 0.000000000000000000e+00
-1.300000000000102723e-03 0.000000000000000000e+00
-1.298000000000102891e-03 0.000000000000000000e+00
-1.296000000000103059e-03 0.000000000000000000e+00
-1.294000000000103227e-03 0.000000000000000000e+00
-1.292000000000103396e-03 0.000000000000000000e+00
-1.290000000000103564e-03 0.000000000000000000e+00
-1.288000000000103732e-03 0.000000000000000000e+00
-1.286000000000103900e-03 0.000000000000000000e+00
-1.284000000000104069e-03 0.000000000000000000e+00
-1.282000000000104237e-03 0.000000000000000000e+00
-1.280000000000104405e-03 0.000000000000000000e+00
-1.278000000000104573e-03 0.000000000000000000e+00
-1.276000000000104741e-03 0.000000000000000000e+00
-1.274000000000104910e-03 0.000000000000000000e+00
-1.272000000000105078e-03 0.000000000000000000e+00
-1.270000000000105246e-03 0.000000000000000000e+00
-1.268000000000105414e-03 0.000000000000000000e+00
-1.266000000000105583e-03 0.000000000000000000e+00
-1.264000000000105751e-03 0.000000000000000000e+00
-1.262000000000105919e-03 0.000000000000000000e+00
-1.260000000000106087e-03 0.000000000000000000e+00
-1.258000000000106255e-03 0.000000000000000000e+00
-1.256000000000106424e-03 0.000000000000000000e+00
-1.254000000000106592e-03 0.000000000000000000e+00
-1.252000000000106760e-03 0.000000000000000000e+00
-1.250000000000106928e-03 0.000000000000000000e+00
-1.248000000000107097e-03 0.000000000000000000e+00
-1.246000000000107265e-03 0.000000000000000000e+00
-1.244000000000107433e-03 0.000000000000000000e+00
-1.242000000000107601e-03 0.000000000000000000e+00
-1.240000000000107769e-03 0.000000000000000000e+00
-1.238000000000107938e-03 0.000000000000000000e+00
-1.236000000000108106e-03 0.000000000000000000e+00
-1.234000000000108274e-03 0.000000000000000000e+00
-1.232000000000108442e-03 0.000000000000000000e+00
-1.230000000000108611e-03 0.000000000000000000e+00
-1.228000000000108779e-03 0.000000000000000000e+00
-1.226000000000108947e-03 0.000000000000000000e+00
-1.224000000000109115e-03 0.000000000000000000e+00
-1.222000000000109284e-03 0.000000000000000000e+00
-1.220000000000109452e-03 0.000000000000000000e+00
-1.218000000000109620e-03 0.000000000000000000e+00
-1.216000000000109788e-03 0.000000000000000000e+00
-1.214000000000109956e-03 0.000000000000000000e+00
-1.212000000000110125e-03 0.000000000000000000e+00
-1.210000000000110293e-03 0.000000000000000000e+00
-1.208000000000110461e-03 0.000000000000000000e+00
-1.206000000000110629e-03 0.000000000000000000e+00
-1.204000000000110798e-03 0.000000000000000000e+00
-1.202000000000110966e-03 0.000000000000000000e+00
-1.200000000000111134e-03 0.000000000000000000e+00
-1.198000000000111302e-03 0.000000000000000000e+00
-1.196000000000111470e-03 0.000000000000000000e+00
-1.194000000000111639e-03 0.000000000000000000e+00
-1.192000000000111807e-03 0.000000000000000000e+00
-1.190000000000111975e-03 0.000000000000000000e+00
-1.188000000000112143e-03 0.000000000000000000e+00
-1.186000000000112312e-03 0.000000000000000000e+00
-1.184000000000112480e-03 0.000000000000000000e+00
-1.182000000000112648e-03 0.000000000000000000e+00
-1.180000000000112816e-03 0.000000000000000000e+00
-1.178000000000112985e-03 0.000000000000000000e+00
-1.176000000000113153e-03 0.000000000000000000e+00
-1.174000000000113321e-03 0.000000000000000000e+00
-1.172000000000113489e-03 0.000000000000000000e+00
-1.170000000000113657e-03 0.000000000000000000e+00
-1.168000000000113826e-03 0.000000000000000000e+00
-1.166000000000113994e-03 0.000000000000000000e+00
-1.164000000000114162e-03 0.000000000000000000e+00
-1.162000000000114330e-03 0.000000000000000000e+00
-1.160000000000114499e-03 0.000000000000000000e+00
-1.158000000000114667e-03 0.000000000000000000e+00
-1.156000000000114835e-03 0.000000000000000000e+00
-1.154000000000115003e-03 0.000000000000000000e+00
-1.152000000000115171e-03 0.000000000000000000e+00
-1.150000000000115340e-03 0.000000000000000000e+00
-1.148000000000115508e-03 0.000000000000000000e+00
-1.146000000000115676e-03 0.000000000000000000e+00
-1.144000000000115844e-03 0.000000000000000000e+00
-1.142000000000116013e-03 0.000000000000000000e+00
-1.140000000000116181e-03 0.000000000000000000e+00
-1.138000000000116349e-03 0.000000000000000000e+00
-1.136000000000116517e-03 0.000000000000000000e+00
-1.134000000000116685e-03 0.000000000000000000e+00
-1.132000000000116854e-03 0.000000000000000000e+00
-1.130000000000117022e-03 0.000000000000000000e+00
-1.128000000000117190e-03 0.000000000000000000e+00
-1.126000000000117358e-03 -4.000000000000000083e-02
-1.124000000000117527e-03 0.000000000000000000e+00
-1.122000000000117695e-03 0.000000000000000000e+00
-1.120000000000117863e-03 0.000000000000000000e+00
-1.118000000000118031e-03 0.000000000000000000e+00
-1.116000000000118200e-03 0.000000000000000000e+00
-1.114000000000118368e-03 0.000000000000000000e+00
-1.112000000000118536e-03 0.000000000000000000e+00
-1.110000000000118704e-03 0.000000000000000000e+00
-1.108000000000118872e-03 0.000000000000000000e+00
-1.106000000000119041e-03 0.000000000000000000e+00
-1.104000000000119209e-03 0.000000000000000000e+00
-1.102000000000119377e-03 0.000000000000000000e+00
-1.100000000000119545e-03 0.000000000000000000e+00
-1.098000000000119714e-03 0.000000000000000000e+00
-1.096000000000119882e-03 0.000000000000000000e+00
-1.094000000000120050e-03 0.000000000000000000e+00
-1.092000000000120218e-03 0.000000000000000000e+00
-1.090000000000120386e-03 0.000000000000000000e+00
-1.088000000000120555e-03 0.000000000000000000e+00
-1.086000000000120723e-03 0.000000000000000000e+00
-1.084000000000120891e-03 0.000000000000000000e+00
-1.082000000000121059e-03 0.000000000000000000e+00
-1.080000000000121228e-03 0.000000000000000000e+00
-1.078000000000121396e-03 0.000000000000000000e+00
-1.076000000000121564e-03 0.000000000000000000e+00
-1.074000000000121732e-03 0.000000000000000000e+00
-1.072000000000121901e-03 0.000000000000000000e+00
-1.070000000000122069e-03 0.000000000000000000e+00
-1.068000000000122237e-03 0.000000000000000000e+00
-1.066000000000122405e-03 0.000000000000000000e+00
-1.064000000000122573e-03 0.000000000000000000e+00
-1.062000000000122742e-03 0.000000000000000000e+00
-1.060000000000122910e-03 0.000000000000000000e+00
-1.058000000000123078e-03 0.000000000000000000e+00
-1.056000000000123246e-03 0.000000000000000000e+00
-1.054000000000123415e-03 0.000000000000000000e+00
-1.052000000000123583e-03 0.000000000000000000e+00
-1.050000000000123751e-03 0.000000000000000000e+00
-1.048000000000123919e-03 0.000000000000000000e+00
-1.046000000000124087e-03 0.000000000000000000e+00
-1.044000000000124256e-03 0.000000000000000000e+00
-1.042000000000124424e-03 0.000000000000000000e+00
-1.040000000000124592e-03 0.000000000000000000e+00
-1.038000000000124760e-03 0.000000000000000000e+00
-1.036000000000124929e-03 0.000000000000000000e+00
-1.034000000000125097e-03 0.000000000000000000e+00
-1.032000000000125265e-03 0.000000000000000000e+00
-1.030000000000125433e-03 0.000000000000000000e+00
-1.028000000000125602e-03 -4.000000000000000083e-02
-1.026000000000125770e-03 0.000000000000000000e+00
-1.024000000000125938e-03 0.000000000000000000e+00
-1.022000000000126106e-03 0.000000000000000000e+00
-1.020000000000126274e-03 0.000000000000000000e+00
-1.018000000000126443e-03 0.000000000000000000e+00
-1.016000000000126611e-03 0.000000000000000000e+00
-1.014000000000126779e-03 0.000000000000000000e+00
-1.012000000000126947e-03 0.000000000000000000e+00
-1.010000000000127116e-03 0.000000000000000000e+00
-1.008000000000127284e-03 0.000000000000000000e+00
-1.006000000000127452e-03 0.000000000000000000e+00
-1.004000000000127620e-03 0.000000000000000000e+00
-1.002000000000127788e-03 0.000000000000000000e+00
-1.000000000000127957e-03 0.000000000000000000e+00
-9.980000000001281249e-04 0.000000000000000000e+00
-9.960000000001282931e-04 0.000000000000000000e+00
-9.940000000001284614e-04 0.000000000000000000e+00
-9.920000000001286296e-04 0.000000000000000000e+00
-9.900000000001287978e-04 0.000000000000000000e+00
-9.880000000001289660e-04 0.000000000000000000e+00
-9.860000000001291343e-04 0.000000000000000000e+00
-9.840000000001293025e-04 0.000000000000000000e+00
-9.820000000001294707e-04 0.000000000000000000e+00
-9.800000000001296389e-04 0.000000000000000000e+00
-9.780000000001298072e-04 0.000000000000000000e+00
-9.760000000001299754e-04 0.000000000000000000e+00
-9.740000000001301436e-04 0.000000000000000000e+00
-9.720000000001303118e-04 0.000000000000000000e+00
-9.700000000001304801e-04 0.000000000000000000e+00
-9.680000000001306483e-04 0.000000000000000000e+00
-9.660000000001308165e-04 0.000000000000000000e+00
-9.640000000001309848e-04 0.000000000000000000e+00
-9.620000000001311530e-04 0.000000000000000000e+00
-9.600000000001313212e-04 0.000000000000000000e+00
-9.580000000001314894e-04 0.000000000000000000e+00
-9.560000000001316577e-04 0.000000000000000000e+00
-9.540000000001318259e-04 0.000000000000000000e+00
-9.520000000001319941e-04 0.000000000000000000e+00
-9.500000000001321623e-04 0.000000000000000000e+00
-9.480000000001323306e-04 0.000000000000000000e+00
-9.460000000001324988e-04 0.000000000000000000e+00
-9.440000000001326670e-04 0.000000000000000000e+00
-9.420000000001328352e-04 0.000000000000000000e+00
-9.400000000001330035e-04 0.000000000000000000e+00
-9.380000000001331717e-04 0.000000000000000000e+00
-9.360000000001333399e-04 0.000000000000000000e+00
-9.340000000001335081e-04 0.000000000000000000e+00
-9.320000000001336764e-04 0.000000000000000000e+00
-9.300000000001338446e-04 0.000000000000000000e+00
-9.280000000001340128e-04 0.000000000000000000e+00
-9.260000000001341811e-04 0.000000000000000000e+00
-9.240000000001343493e-04 0.000000000000000000e+00
-9.220000000001345175e-04 0.000000000000000000e+00
-9.200000000001346857e-04 0.000000000000000000e+00
-9.180000000001348540e-04 0.000000000000000000e+00
-9.160000000001350222e-04 0.000000000000000000e+00
-9.140000000001351904e-04 0.000000000000000000e+00
-9.120000000001353586e-04 0.000000000000000000e+00
-9.100000000001355269e-04 0.000000000000000000e+00
-9.080000000001356951e-04 0.000000000000000000e+00
-9.060000000001358633e-04 0.000000000000000000e+00
-9.040000000001360315e-04 0.000000000000000000e+00
-9.020000000001361998e-04 -4.000000000000000083e-02
-9.000000000001363680e-04 0.000000000000000000e+00
-8.980000000001365362e-04 0.000000000000000000e+00
-8.960000000001367045e-04 0.000000000000000000e+00
-8.940000000001368727e-04 0.000000000000000000e+00
-8.920000000001370409e-04 0.000000000000000000e+00
-8.900000000001372091e-04 0.000000000000000000e+00
-8.880000000001373774e-04 0.000000000000000000e+00
-8.860000000001375456e-04 0.000000000000000000e+00
-8.840000000001377138e-04 0.000000000000000000e+00
-8.820000000001378820e-04 0.000000000000000000e+00
-8.800000000001380503e-04 0.000000000000000000e+00
-8.780000000001382185e-04 0.000000000000000000e+00
-8.760000000001383867e-04 0.000000000000000000e+00
-8.740000000001385549e-04 0.000000000000000000e+00
-8.720000000001387232e-04 0.000000000000000000e+00
-8.700000000001388914e-04 0.000000000000000000e+00
-8.680000000001390596e-04 0.000000000000000000e+00
-8.660000000001392279e-04 0.000000000000000000e+00
-8.640000000001393961e-04 0.000000000000000000e+00
-8.620000000001395643e-04 0.000000000000000000e+00
-8.600000000001397325e-04 0.000000000000000000e+00
-8.580000000001399008e-04 0.000000000000000000e+00
-8.560000000001400690e-04 0.000000000000000000e+00
-8.540000000001402372e-04 0.000000000000000000e+00
-8.520000000001404054e-04 0.000000000000000000e+00
-8.500000000001405737e-04 0.000000000000000000e+00
-8.480000000001407419e-04 0.000000000000000000e+00
-8.460000000001409101e-04 0.000000000000000000e+00
-8.440000000001410783e-04 0.000000000000000000e+00
-8.420000000001412466e-04 0.000000000000000000e+00
-8.400000000001414148e-04 0.000000000000000000e+00
-8.380000000001415830e-04 0.000000000000000000e+00
-8.360000000001417512e-04 0.000000000000000000e+00
-8.340000000001419195e-04 0.000000000000000000e+00
-8.320000000001420877e-04 0.000000000000000000e+00
-8.300000000001422559e-04 0.000000000000000000e+00
-8.280000000001424242e-04 0.000000000000000000e+00
-8.260000000001425924e-04 0.000000000000000000e+00
-8.240000000001427606e-04 0.000000000000000000e+00
-8.220000000001429288e-04 0.000000000000000000e+00
-8.200000000001430971e-04 0.000000000000000000e+00
-8.180000000001432653e-04 0.000000000000000000e+00
-8.160000000001434335e-04 0.000000000000000000e+00
-8.140000000001436017e-04 0.000000000000000000e+00
-8.120000000001437700e-04 0.000000000000000000e+00
-8.100000000001439382e-04 0.000000000000000000e+00
-8.080000000001441064e-04 0.000000000000000000e+00
-8.060000000001442746e-04 0.000000000000000000e+00
-8.040000000001444429e-04 0.000000000000000000e+00
-8.020000000001446111e-04 0.000000000000000000e+00
-8.000000000001447793e-04 0.000000000000000000e+00
-7.980000000001449476e-04 0.000000000000000000e+00
-7.960000000001451158e-04 0.000000000000000000e+00
-7.940000000001452840e-04 0.000000000000000000e+00
-7.920000000001454522e-04 0.000000000000000000e+00
-7.900000000001456205e-04 0.000000000000000000e+00
-7.880000000001457887e-04 0.000000000000000000e+00
-7.860000000001459569e-04 0.000000000000000000e+00
-7.840000000001461251e-04 0.000000000000000000e+00
-7.820000000001462934e-04 0.000000000000000000e+00
-7.800000000001464616e-04 0.000000000000000000e+00
-7.780000000001466298e-04 0.000000000000000000e+00
-7.760000000001467980e-04 0.000000000000000000e+00
-7.740000000001469663e-04 0.000000000000000000e+00
-7.720000000001471345e-04 0.000000000000000000e+00
-7.700000000001473027e-04 0.000000000000000000e+00
-7.680000000001474710e-04 0.000000000000000000e+00
-7.660000000001476392e-04 0.000000000000000000e+00
-7.640000000001478074e-04 0.000000000000000000e+00
-7.620000000001479756e-04 0.000000000000000000e+00
-7.600000000001481439e-04 0.000000000000000000e+00
-7.580000000001483121e-04 0.000000000000000000e+00
-7.560000000001484803e-04 0.000000000000000000e+00
-7.540000000001486485e-04 0.000000000000000000e+00
-7.520000000001488168e-04 0.000000000000000000e+00
-7.500000000001489850e-04 0.000000000000000000e+00
-7.480000000001491532e-04 0.000000000000000000e+00
-7.460000000001493214e-04 0.000000000000000000e+00
-7.440000000001494897e-04 0.000000000000000000e+00
-7.420000000001496579e-04 0.000000000000000000e+00
-7.400000000001498261e-04 0.000000000000000000e+00
-7.380000000001499944e-04 0.000000000000000000e+00
-7.360000000001501626e-04 0.000000000000000000e+00
-7.340000000001503308e-04 0.000000000000000000e+00
-7.320000000001504990e-04 0.000000000000000000e+00
-7.300000000001506673e-04 0.000000000000000000e+00
-7.280000000001508355e-04 0.000000000000000000e+00
-7.260000000001510037e-04 0.000000000000000000e+00
-7.240000000001511719e-04 0.000000000000000000e+00
-7.220000000001513402e-04 0.000000000000000000e+00
-7.200000000001515084e-04 0.000000000000000000e+00
-7.180000000001516766e-04 0.000000000000000000e+00
-7.160000000001518448e-04 0.000000000000000000e+00
-7.140000000001520131e-04 0.000000000000000000e+00
-7.120000000001521813e-04 0.000000000000000000e+00
-7.100000000001523495e-04 0.000000000000000000e+00
-7.080000000001525177e-04 0.000000000000000000e+00
-7.060000000001526860e-04 0.000000000000000000e+00
-7.040000000001528542e-04 0.000000000000000000e+00
-7.020000000001530224e-04 0.000000000000000000e+00
-7.000000000001531907e-04 0.000000000000000000e+00
-6.980000000001533589e-04 0.000000000000000000e+00
-6.960000000001535271e-04 0.000000000000000000e+00
-6.940000000001536953e-04 0.000000000000000000e+00
-6.920000000001538636e-04 0.000000000000000000e+00
-6.900000000001540318e-04 0.000000000000000000e+00
-6.880000000001542000e-04 0.000000000000000000e+00
-6.860000000001543682e-04 0.000000000000000000e+00
-6.840000000001545365e-04 0.000000000000000000e+00
-6.820000000001547047e-04 0.000000000000000000e+00
-6.800000000001548729e-04 0.000000000000000000e+00
-6.780000000001550411e-04 0.000000000000000000e+00
-6.760000000001552094e-04 0.000000000000000000e+00
-6.740000000001553776e-04 0.000000000000000000e+00
-6.720000000001555458e-04 0.000000000000000000e+00
-6.700000000001557141e-04 0.000000000000000000e+00
-6.680000000001558823e-04 0.000000000000000000e+00
-6.660000000001560505e-04 -4.000000000000000083e-02
-6.640000000001562187e-04 -4.000000000000000083e-02
-6.620000000001563870e-04 0.000000000000000000e+00
-6.600000000001565552e-04 0.000000000000000000e+00
-6.580000000001567234e-04 0.000000000000000000e+00
-6.560000000001568916e-04 0.000000000000000000e+00
-6.540000000001570599e-04 0.000000000000000000e+00
-6.520000000001572281e-04 0.000000000000000000e+00
-6.500000000001573963e-04 0.000000000000000000e+00
-6.480000000001575645e-04 0.000000000000000000e+00
-6.460000000001577328e-04 0.000000000000000000e+00
-6.440000000001579010e-04 0.000000000000000000e+00
-6.420000000001580692e-04 0.000000000000000000e+00
-6.400000000001582375e-04 0.000000000000000000e+00
-6.380000000001584057e-04 0.000000000000000000e+00
-6.360000000001585739e-04 0.000000000000000000e+00
-6.340000000001587421e-04 0.000000000000000000e+00
-6.320000000001589104e-04 0.000000000000000000e+00
-6.300000000001590786e-04 0.000000000000000000e+00
-6.280000000001592468e-04 0.000000000000000000e+00
-6.260000000001594150e-04 0.000000000000000000e+00
-6.240000000001595833e-04 0.000000000000000000e+00
-6.220000000001597515e-04 0.000000000000000000e+00
-6.200000000001599197e-04 0.000000000000000000e+00
-6.180000000001600879e-04 0.000000000000000000e+00
-6.160000000001602562e-04 0.000000000000000000e+00
-6.140000000001604244e-04 0.000000000000000000e+00
-6.120000000001605926e-04 0.000000000000000000e+00
-6.100000000001607608e-04 0.000000000000000000e+00
-6.080000000001609291e-04 0.000000000000000000e+00
-6.060000000001610973e-04 0.000000000000000000e+00
-6.040000000001612655e-04 0.000000000000000000e+00
-6.020000000001614338e-04 0.000000000000000000e+00
-6.000000000001616020e-04 0.000000000000000000e+00
-5.980000000001617702e-04 0.000000000000000000e+00
-5.960000000001619384e-04 0.000000000000000000e+00
-5.940000000001621067e-04 0.000000000000000000e+00
-5.920000000001622749e-04 0.000000000000000000e+00
-5.900000000001624431e-04 0.000000000000000000e+00
-5.880000000001626113e-04 0.000000000000000000e+00
-5.860000000001627796e-04 0.000000000000000000e+00
-5.840000000001629478e-04 0.000000000000000000e+00
-5.820000000001631160e-04 0.000000000000000000e+00
-5.800000000001632842e-04 0.000000000000000000e+00
-5.780000000001634525e-04 0.000000000000000000e+00
-5.760000000001636207e-04 0.000000000000000000e+00
-5.740000000001637889e-04 0.000000000000000000e+00
-5.720000000001639572e-04 0.000000000000000000e+00
-5.700000000001641254e-04 0.000000000000000000e+00
-5.680000000001642936e-04 0.000000000000000000e+00
-5.660000000001644618e-04 0.000000000000000000e+00
-5.640000000001646301e-04 0.000000000000000000e+00
-5.620000000001647983e-04 0.000000000000000000e+00
-5.600000000001649665e-04 0.000000000000000000e+00
-5.580000000001651347e-04 0.000000000000000000e+00
-5.560000000001653030e-04 0.000000000000000000e+00
-5.540000000001654712e-04 0.000000000000000000e+00
-5.520000000001656394e-04 0.000000000000000000e+00
-5.500000000001658076e-04 0.000000000000000000e+00
-5.480000000001659759e-04 0.000000000000000000e+00
-5.460000000001661441e-04 0.000000000000000000e+00
-5.440000000001663123e-04 0.000000000000000000e+00
-5.420000000001664806e-04 0.000000000000000000e+00
-5.400000000001666488e-04 0.000000000000000000e+00
-5.380000000001668170e-04 0.000000000000000000e+00
-5.360000000001669852e-04 0.000000000000000000e+00
-5.340000000001671535e-04 0.000000000000000000e+00
-5.320000000001673217e-04 0.000000000000000000e+00
-5.300000000001674899e-04 0.000000000000000000e+00
-5.280000000001676581e-04 0.000000000000000000e+00
-5.260000000001678264e-04 0.000000000000000000e+00
-5.240000000001679946e-04 0.000000000000000000e+00
-5.220000000001681628e-04 0.000000000000000000e+00
-5.200000000001683310e-04 0.000000000000000000e+00
-5.180000000001684993e-04 0.000000000000000000e+00
-5.160000000001686675e-04 0.000000000000000000e+00
-5.140000000001688357e-04 0.000000000000000000e+00
-5.120000000001690039e-04 0.000000000000000000e+00
-5.100000000001691722e-04 0.000000000000000000e+00
-5.080000000001693404e-04 0.000000000000000000e+00
-5.060000000001695086e-04 0.000000000000000000e+00
-5.040000000001696769e-04 0.000000000000000000e+00
-5.020000000001698451e-04 0.000000000000000000e+00
-5.000000000001700133e-04 0.000000000000000000e+00
-4.980000000001701815e-04 0.000000000000000000e+00
-4.960000000001703498e-04 0.000000000000000000e+00
-4.940000000001705180e-04 0.000000000000000000e+00
-4.920000000001706862e-04 -4.000000000000000083e-02
-4.900000000001708544e-04 0.000000000000000000e+00
-4.880000000001710227e-04 0.000000000000000000e+00
-4.860000000001711909e-04 0.000000000000000000e+00
-4.840000000001713591e-04 0.000000000000000000e+00
-4.820000000001715273e-04 0.000000000000000000e+00
-4.800000000001716956e-04 0.000000000000000000e+00
-4.780000000001718638e-04 0.000000000000000000e+00
-4.760000000001720320e-04 0.000000000000000000e+00
-4.740000000001722003e-04 0.000000000000000000e+00
-4.720000000001723685e-04 0.000000000000000000e+00
-4.700000000001725367e-04 0.000000000000000000e+00
-4.680000000001727049e-04 0.000000000000000000e+00
-4.660000000001728732e-04 0.000000000000000000e+00
-4.640000000001730414e-04 0.000000000000000000e+00
-4.620000000001732096e-04 0.000000000000000000e+00
-4.600000000001733778e-04 0.000000000000000000e+00
-4.580000000001735461e-04 0.000000000000000000e+00
-4.560000000001737143e-04 0.000000000000000000e+00
-4.540000000001738825e-04 0.000000000000000000e+00
-4.520000000001740507e-04 0.000000000000000000e+00
-4.500000000001742190e-04 0.000000000000000000e+00
-4.480000000001743872e-04 0.000000000000000000e+00
-4.460000000001745554e-04 0.000000000000000000e+00
-4.440000000001747237e-04 0.000000000000000000e+00
-4.420000000001748919e-04 0.000000000000000000e+00
-4.400000000001750601e-04 0.000000000000000000e+00
-4.380000000001752283e-04 0.000000000000000000e+00
-4.360000000001753966e-04 0.000000000000000000e+00
-4.340000000001755648e-04 0.000000000000000000e+00
-4.320000000001757330e-04 0.000000000000000000e+00
-4.300000000001759012e-04 0.000000000000000000e+00
-4.280000000001760695e-04 0.000000000000000000e+00
-4.260000000001762377e-04 0.000000000000000000e+00
-4.240000000001764059e-04 0.000000000000000000e+00
-4.220000000001765741e-04 0.000000000000000000e+00
-4.200000000001767424e-04 0.000000000000000000e+00
-4.180000000001769106e-04 0.000000000000000000e+00
-4.160000000001770788e-04 0.000000000000000000e+00
-4.140000000001772471e-04 0.000000000000000000e+00
-4.120000000001774153e-04 0.000000000000000000e+00
-4.100000000001775835e-04 0.000000000000000000e+00
-4.080000000001777517e-04 0.000000000000000000e+00
-4.060000000001779200e-04 0.000000000000000000e+00
-4.040000000001780882e-04 0.000000000000000000e+00
-4.020000000001782564e-04 0.000000000000000000e+00
-4.000000000001784246e-04 0.000000000000000000e+00
-3.980000000001785929e-04 0.000000000000000000e+00
-3.960000000001787611e-04 0.000000000000000000e+00
-3.940000000001789293e-04 0.000000000000000000e+00
-3.920000000001790975e-04 0.000000000000000000e+00
-3.900000000001792658e-04 0.000000000000000000e+00
-3.880000000001794340e-04 0.000000000000000000e+00
-3.860000000001796022e-04 0.000000000000000000e+00
-3.840000000001797704e-04 0.000000000000000000e+00
-3.820000000001799387e-04 0.000000000000000000e+00
-3.800000000001801069e-04 0.000000000000000000e+00
-3.780000000001802751e-04 0.000000000000000000e+00
-3.760000000001804434e-04 -4.000000000000000083e-02
-3.740000000001806116e-04 0.000000000000000000e+00
-3.720000000001807798e-04 0.000000000000000000e+00
-3.700000000001809480e-04 0.000000000000000000e+00
-3.680000000001811163e-04 0.000000000000000000e+00
-3.660000000001812845e-04 0.000000000000000000e+00
-3.640000000001814527e-04 0.000000000000000000e+00
-3.620000000001816209e-04 0.000000000000000000e+00
-3.600000000001817892e-04 0.000000000000000000e+00
-3.580000000001819574e-04 0.000000000000000000e+00
-3.560000000001821256e-04 0.000000000000000000e+00
-3.540000000001822938e-04 0.000000000000000000e+00
-3.520000000001824621e-04 0.000000000000000000e+00
-3.500000000001826303e-04 0.000000000000000000e+00
-3.480000000001827985e-04 0.000000000000000000e+00
-3.460000000001829668e-04 0.000000000000000000e+00
-3.440000000001831350e-04 0.000000000000000000e+00
-3.420000000001833032e-04 0.000000000000000000e+00
-3.400000000001834714e-04 0.000000000000000000e+00
-3.380000000001836397e-04 0.000000000000000000e+00
-3.360000000001838079e-04 0.000000000000000000e+00
-3.340000000001839761e-04 0.000000000000000000e+00
-3.320000000001841443e-04 0.000000000000000000e+00
-3.300000000001843126e-04 0.000000000000000000e+00
-3.280000000001844808e-04 0.000000000000000000e+00
-3.260000000001846490e-04 0.000000000000000000e+00
-3.240000000001848172e-04 0.000000000000000000e+00
-3.220000000001849855e-04 0.000000000000000000e+00
-3.200000000001851537e-04 0.000000000000000000e+00
-3.180000000001853219e-04 0.000000000000000000e+00
-3.160000000001854902e-04 0.000000000000000000e+00
-3.140000000001856584e-04 0.000000000000000000e+00
-3.120000000001858266e-04 0.000000000000000000e+00
-3.100000000001859948e-04 0.000000000000000000e+00
-3.080000000001861631e-04 0.000000000000000000e+00
-3.060000000001863313e-04 0.000000000000000000e+00
-3.040000000001864995e-04 0.000000000000000000e+00
-3.020000000001866677e-04 0.000000000000000000e+00
-3.000000000001868360e-04 0.000000000000000000e+00
-2.980000000001870042e-04 0.000000000000000000e+00
-2.960000000001871724e-04 0.000000000000000000e+00
-2.940000000001873406e-04 0.000000000000000000e+00
-2.920000000001875089e-04 0.000000000000000000e+00
-2.900000000001876771e-04 0.000000000000000000e+00
-2.880000000001878453e-04 0.000000000000000000e+00
-2.860000000001880135e-04 0.000000000000000000e+00
-2.840000000001881818e-04 0.000000000000000000e+00
-2.820000000001883500e-04 0.000000000000000000e+00
-2.800000000001885182e-04 0.000000000000000000e+00
-2.780000000001886865e-04 0.000000000000000000e+00
-2.760000000001888547e-04 0.000000000000000000e+00
-2.740000000001890229e-04 0.000000000000000000e+00
-2.720000000001891911e-04 0.000000000000000000e+00
-2.700000000001893594e-04 0.000000000000000000e+00
-2.680000000001895276e-04 0.000000000000000000e+00
-2.660000000001896958e-04 0.000000000000000000e+00
-2.640000000001898640e-04 0.000000000000000000e+00
-2.620000000001900323e-04 0.000000000000000000e+00
-2.600000000001902005e-04 0.000000000000000000e+00
-2.580000000001903687e-04 0.000000000000000000e+00
-2.560000000001905369e-04 0.000000000000000000e+00
-2.540000000001907052e-04 0.000000000000000000e+00
-2.520000000001908734e-04 0.000000000000000000e+00
-2.500000000001910416e-04 0.000000000000000000e+00
-2.480000000001912099e-04 0.000000000000000000e+00
-2.460000000001913781e-04 0.000000000000000000e+00
-2.440000000001915463e-04 0.000000000000000000e+00
-2.420000000001917145e-04 0.000000000000000000e+00
-2.400000000001918828e-04 0.000000000000000000e+00
-2.380000000001920510e-04 0.000000000000000000e+00
-2.360000000001922192e-04 0.000000000000000000e+00
-2.340000000001923874e-04 0.000000000000000000e+00
-2.320000000001925557e-04 0.000000000000000000e+00
-2.300000000001927239e-04 0.000000000000000000e+00
-2.280000000001928921e-04 0.000000000000000000e+00
-2.260000000001930603e-04 0.000000000000000000e+00
-2.240000000001932286e-04 0.000000000000000000e+00
-2.220000000001933968e-04 0.000000000000000000e+00
-2.200000000001935650e-04 0.000000000000000000e+00
-2.180000000001937333e-04 0.000000000000000000e+00
-2.160000000001939015e-04 0.000000000000000000e+00
-2.140000000001940697e-04 0.000000000000000000e+00
-2.120000000001942379e-04 0.000000000000000000e+00
-2.100000000001944062e-04 0.000000000000000000e+00
-2.080000000001945744e-04 0.000000000000000000e+00
-2.060000000001947426e-04 0.000000000000000000e+00
-2.040000000001949108e-04 0.000000000000000000e+00
-2.020000000001950791e-04 0.000000000000000000e+00
-2.000000000001952473e-04 0.000000000000000000e+00
-1.980000000001954155e-04 0.000000000000000000e+00
-1.960000000001955837e-04 0.000000000000000000e+00
-1.940000000001957520e-04 0.000000000000000000e+00
-1.920000000001959202e-04 0.000000000000000000e+00
-1.900000000001960884e-04 0.000000000000000000e+00
-1.880000000001962566e-04 0.000000000000000000e+00
-1.860000000001964249e-04 0.000000000000000000e+00
-1.840000000001965931e-04 0.000000000000000000e+00
-1.820000000001967613e-04 0.000000000000000000e+00
-1.800000000001969296e-04 0.000000000000000000e+00
-1.780000000001970978e-04 0.000000000000000000e+00
-1.760000000001972660e-04 0.000000000000000000e+00
-1.740000000001974342e-04 0.000000000000000000e+00
-1.720000000001976025e-04 0.000000000000000000e+00
-1.700000000001977707e-04 0.000000000000000000e+00
-1.680000000001979389e-04 0.000000000000000000e+00
-1.660000000001981071e-04 0.000000000000000000e+00
-1.640000000001982754e-04 0.000000000000000000e+00
-1.620000000001984436e-04 0.000000000000000000e+00
-1.600000000001986118e-04 0.000000000000000000e+00
-1.580000000001987800e-04 0.000000000000000000e+00
-1.560000000001989483e-04 -4.000000000000000083e-02
-1.540000000001991165e-04 0.000000000000000000e+00
-1.520000000001992847e-04 0.000000000000000000e+00
-1.500000000001994530e-04 -4.000000000000000083e-02
-1.480000000001996212e-04 0.000000000000000000e+00
-1.460000000001997894e-04 0.000000000000000000e+00
-1.440000000001999576e-04 0.000000000000000000e+00
-1.420000000002001259e-04 0.000000000000000000e+00
-1.400000000002002941e-04 0.000000000000000000e+00
-1.380000000002004623e-04 0.000000000000000000e+00
-1.360000000002006305e-04 0.000000000000000000e+00
-1.340000000002007988e-04 0.000000000000000000e+00
-1.320000000002009670e-04 0.000000000000000000e+00
-1.300000000002011352e-04 0.000000000000000000e+00
-1.280000000002013034e-04 0.000000000000000000e+00
-1.260000000002014717e-04 0.000000000000000000e+00
-1.240000000002016399e-04 0.000000000000000000e+00
-1.220000000002018081e-04 0.000000000000000000e+00
-1.200000000002019764e-04 0.000000000000000000e+00
-1.180000000002021446e-04 0.000000000000000000e+00
-1.160000000002023128e-04 0.000000000000000000e+00
-1.140000000002024810e-04 0.000000000000000000e+00
-1.120000000002026493e-04 0.000000000000000000e+00
-1.100000000002028175e-04 0.000000000000000000e+00
-1.080000000002029857e-04 0.000000000000000000e+00
-1.060000000002031539e-04 0.000000000000000000e+00
-1.040000000002033222e-04 0.000000000000000000e+00
-1.020000000002034904e-04 0.000000000000000000e+00
-1.000000000002036586e-04 0.000000000000000000e+00
-9.800000000020382684e-05 0.000000000000000000e+00
-9.600000000020399507e-05 0.000000000000000000e+00
-9.400000000020416330e-05 0.000000000000000000e+00
-9.200000000020433152e-05 0.000000000000000000e+00
-9.000000000020449975e-05 0.000000000000000000e+00
-8.800000000020466798e-05 0.000000000000000000e+00
-8.600000000020483620e-05 0.000000000000000000e+00
-8.400000000020500443e-05 0.000000000000000000e+00
-8.200000000020517266e-05 0.000000000000000000e+00
-8.000000000020534088e-05 0.000000000000000000e+00
-7.800000000020550911e-05 0.000000000000000000e+00
-7.600000000020567734e-05 0.000000000000000000e+00
